fx: 100
fy: 100
cx: 960
cy: 540